20
8497 2343 94 193 1000000 5999 1852 70 15 92 16
4 4 1 1 3 1 1 2 2 2 2
4 4 2 2 1 0 2 1 2 3 4
39724 39430 20919 20227 3 7295 34728 28 46 33 14
943 715 356 144 449 893 533 86 24 28 90
36402 39273 278 35 1000000 11371 25106 51 98 33 54
37637 35252 131 4 1326 1844 2265 72 38 3 79
4886 4367 95 87 1000000 3493 4363 2 66 19 64
16 18 5 1 5 10 8 21 27 29 87
24576 30148 1171 1922 740 19787 13047 34 74 34 11
28557 13495 1138 1991 385 23252 10801 56 19 77 36
36478 39536 170 1 1442 22516 31242 4 70 37 6
6 10 3 2 2 0 0 5 4 3 2
21995 37911 1150 1245 833 47 23529 19 74 87 95
14 15 12 4 4 3 5 84 74 53 68
39843 39881 20522 20114 3 11897 5279 74 89 96 58
5134 2621 141 183 1000000 2309 282 36 56 66 26
6503 8478 146 197 1000000 332 8138 33 8 90 43
4718 7077 134 115 1000000 3964 4597 7 20 29 77
9870 591 100 109 1000000 46 313 37 25 63 70
